--- Collider properties ---
length:7.09921884537
radius:3.54960942268
extents:6.175389289855957 7.099218845367432 6.175387859344482 
collisionShape:1

--- Rigidbody properties ---
bodyType:1
friction:1.0
restitution:0.0
mass:1.0

