--- Collider properties ---
length:10.6118106842
radius:5.3059053421
extents:6.0 10.611810684204102 4.199999809265137 
collisionShape:1

--- Rigidbody properties ---
bodyType:2
friction:1.0
restitution:0.4
mass:1.0

