--- Collider properties ---
length:1.17479503155
radius:0.587397515774
extents:0.8784719705581665 1.1747950315475464 0.8784719705581665 
collisionShape:2

--- Rigidbody properties ---
bodyType:2
friction:1.0
restitution:0.75
mass:1.0

