--- Collider properties ---
length:25.3700084686
radius:12.6850042343
extents:25.37000846862793 0.0 22.62423324584961 
collisionShape:1

--- Rigidbody properties ---
bodyType:0
friction:0.0
restitution:0.0
mass:0

