--- Collider properties ---
length:2.38132286072
radius:1.19066143036
extents:2.3813228607177734 1.6833299398422241 2.328355073928833 
collisionShape:1

--- Rigidbody properties ---
bodyType:1
friction:1.0
restitution:0.0
mass:1.0

