--- Collider properties ---
length:5.98512411118
radius:2.99256205559
extents:3.626568078994751 3.7139360904693604 5.985124111175537 
collisionShape:1

--- Rigidbody properties ---
bodyType:1
friction:1.0
restitution:0.0
mass:1.0

