--- Collider properties ---
length:13.8296203613
radius:6.91481018066
extents:13.829620361328125 4.17882776260376 13.38449478149414 
collisionShape:1

--- Rigidbody properties ---
bodyType:1
friction:1.0
restitution:0.0
mass:1.0

